
2.31942 1.0479
2.32347 1.5156
2.43919 1.5129
2.44324 1.4322
2.48289 1.2055
2.52093 1.3014
2.52254 1.2046
2.55734 1.365
2.56382 1.7842
2.59538 1.4287
2.59861 1.6867
2.60104 1.2511
2.60509 1.751
2.63665 1.0729
2.64069 1.4599
2.64312 1.3308
2.66821 1.9593
2.67387 1.7333
2.6763 1.6042
2.67711 1.4591
2.67873 2.2332
2.67954 1.8461
2.68116 3.0235
2.68439 2.1202
2.68601 1.8137
2.7111 1.8292
2.71434 2.1034
2.71595 1.7162
2.71757 2.2484
2.71838 2.7484
2.71919 1.1678
2.72405 2.5547
2.72728 1.9579
2.75237 2.4896
2.75399 1.7476
2.7548 2.7153
2.75723 1.9895
2.75804 3.0217
2.76127 5.0539
2.76289 2.328
2.76694 1.7312
2.76856 2.2311
2.79202 1.9403
2.79607 1.6499
2.79688 2.1015
2.80093 1.9239
2.80173 2.3594
2.80335 2.9723
2.80416 1.5368
2.80659 3.7625
2.8074 2.1496
2.81145 2.5043
2.83491 2.6006
2.83734 2.1973
2.83896 1.794
2.84058 2.6004
2.84139 3.3907
2.84382 3.1326
2.84705 2.068
2.87538 5.0029
2.87619 2.4545
2.87699 2.1802
2.8778 2.5996
2.87861 1.8738
2.88185 3.1156
2.88266 3.8575
2.88751 3.051
2.88832 2.5348
2.89075 3.3896
2.91503 4.6471
2.9215 2.4857
2.92474 2.2598
2.92798 4.3404
2.9304 2.0661
